100
13483
16 193
8 195
67 137
82 116
30 170
55 140
76 125
55 146
20 181
71 128
92 108
32 171
85 115
55 140
70 133
13 181
25 179
35 163
71 126
9 194
61 137
1 195
8 191
5 203
44 160
99 101
93 107
11 191
79 124
13 180
42 162
65 133
96 104
2 196
27 174
75 125
59 139
73 129
86 113
8 189
36 160
43 158
64 140
39 164
83 119
65 136
85 113
69 133
91 108
50 155
81 121
93 108
33 164
96 103
61 136
24 170
95 105
78 120
64 136
2 191
3 207
7 188
8 201
95 104
26 174
71 132
34 171
42 157
75 122
84 117
36 157
12 183
60 137
5 187
59 144
14 187
47 156
49 154
41 165
50 150
36 165
16 182
13 192
40 154
31 176
1 208
46 151
68 136
38 161
51 150
73 125
78 122
44 155
22 186
90 111
49 150
71 131
9 196
78 121
83 119
