100
43636
90 719
206 599
334 462
303 495
380 421
148 656
8 758
62 737
97 708
138 666
349 447
15 816
247 549
24 742
198 587
384 417
191 606
294 506
134 644
102 679
67 719
236 571
394 405
155 669
248 557
88 690
109 690
75 693
72 752
181 599
267 523
279 513
269 518
374 427
339 465
241 564
378 422
152 670
390 409
136 653
135 675
371 430
162 650
378 420
33 780
251 563
239 558
78 700
119 678
147 654
269 517
34 769
78 746
319 479
347 456
230 579
265 532
338 459
339 459
273 521
194 590
173 629
145 674
90 705
350 449
5 818
171 632
90 681
208 587
303 495
315 480
84 727
126 674
120 654
97 675
279 526
384 418
297 492
114 706
398 402
96 714
287 513
387 415
188 598
250 537
346 449
340 462
172 613
183 630
31 784
310 498
297 501
256 554
109 662
311 485
307 500
318 476
142 638
255 532
60 736
