200
108069
97 1436
106 1464
14 1603
645 941
600 1003
557 1047
229 1400
35 1594
403 1202
396 1202
782 820
517 1070
608 1004
438 1187
404 1199
295 1313
563 1044
520 1076
760 837
425 1143
779 818
530 1096
720 880
627 972
261 1322
203 1388
571 1047
670 934
3 1651
233 1411
346 1265
426 1156
325 1309
152 1489
173 1365
615 997
61 1525
423 1210
214 1334
726 882
130 1524
412 1213
78 1529
434 1161
391 1218
714 883
612 979
643 944
229 1422
248 1351
770 831
169 1406
253 1373
129 1510
577 1042
434 1201
652 960
401 1235
5 1530
105 1454
567 1014
694 904
81 1531
200 1421
78 1587
645 939
775 824
13 1569
72 1525
646 970
623 992
179 1387
555 1021
635 969
785 813
218 1409
239 1374
228 1397
122 1498
649 948
735 861
404 1197
194 1362
763 833
124 1478
718 882
352 1233
365 1200
562 1062
350 1205
2 1647
80 1510
402 1165
577 1006
607 1003
777 825
5 1594
103 1565
754 847
486 1121
217 1360
433 1168
471 1115
529 1049
600 992
289 1321
592 987
215 1395
30 1544
577 1046
47 1585
3 1671
796 804
678 914
618 992
14 1541
359 1257
157 1446
143 1477
464 1163
374 1220
360 1278
209 1345
177 1383
421 1144
747 851
591 1000
62 1567
583 1035
667 919
460 1137
319 1319
443 1142
615 970
330 1260
312 1241
625 977
678 916
555 1051
286 1363
39 1560
187 1459
444 1160
389 1194
55 1568
631 953
673 933
108 1534
537 1053
126 1482
610 998
348 1278
543 1061
517 1055
581 1001
782 816
111 1546
405 1182
235 1314
426 1167
463 1125
772 829
227 1316
364 1272
482 1107
190 1468
446 1149
89 1488
467 1128
394 1214
28 1612
26 1588
614 971
313 1291
348 1269
188 1455
297 1317
499 1112
433 1174
795 804
98 1467
501 1080
99 1562
591 1018
530 1094
344 1280
30 1561
94 1573
586 1021
146 1391
48 1597
102 1553
550 1069
160 1472
521 1101
289 1318
391 1217
260 1309
69 1603
79 1482
