200
111541
258 537
364 436
50 747
54 734
51 755
152 637
155 660
271 526
225 570
216 569
391 409
321 482
290 520
366 435
77 750
44 721
269 529
123 688
4 830
146 667
23 776
310 481
67 721
171 620
89 710
141 651
103 686
89 735
331 468
184 602
316 490
70 727
303 495
238 550
211 573
24 800
131 665
242 554
257 543
261 526
366 430
330 477
90 734
32 771
214 591
86 695
116 704
208 612
94 686
248 566
232 566
222 591
369 433
255 542
217 576
190 598
363 435
252 562
309 498
380 420
74 744
10 807
300 493
167 653
208 609
296 498
309 500
250 538
32 765
9 772
135 652
72 722
141 647
50 755
270 540
379 421
179 614
167 636
25 796
375 425
101 681
379 419
95 734
266 544
344 461
362 441
322 485
243 565
230 570
69 731
228 590
362 441
373 426
85 698
49 786
76 739
361 441
331 464
320 483
140 651
287 501
310 483
309 494
176 623
251 561
46 746
286 521
193 613
317 492
261 526
250 555
44 744
367 430
188 601
119 705
50 750
287 521
114 685
12 750
335 460
356 440
39 785
146 633
290 506
109 705
258 534
12 767
271 529
10 784
115 706
354 444
12 789
384 417
325 481
195 599
137 669
47 748
184 598
291 506
335 459
376 423
56 759
363 440
268 538
236 570
177 604
328 465
213 572
269 533
352 444
166 625
174 633
395 406
355 449
22 787
378 419
236 554
184 636
39 784
374 428
145 655
258 531
256 556
333 462
218 570
169 619
319 483
111 687
263 538
53 748
213 578
80 693
197 604
132 673
319 486
243 558
57 755
99 678
281 522
221 592
246 570
105 696
47 750
282 521
27 811
235 564
153 664
27 773
170 615
105 695
60 752
379 419
155 667
145 657
219 589
39 733
6 815
50 781
25 774
391 410
