800
107860
4 197
80 119
73 130
71 131
44 150
99 102
33 170
24 173
2 193
8 195
11 194
4 188
77 123
65 134
99 100
74 126
3 202
44 161
66 135
27 178
15 185
37 168
16 181
94 105
99 102
37 170
53 143
10 193
27 168
30 172
26 172
55 148
23 175
87 114
41 159
74 127
41 161
39 161
44 161
41 153
96 103
10 184
13 187
40 154
15 184
71 126
85 113
84 114
80 121
58 145
61 137
38 159
88 111
48 152
74 127
20 188
21 180
23 169
71 131
87 115
28 177
77 123
34 168
89 110
64 135
34 161
83 117
82 116
59 142
60 141
98 102
67 132
17 179
68 132
78 121
52 151
5 185
37 161
41 163
5 196
4 199
32 173
57 146
8 199
55 147
50 148
78 124
16 175
39 167
27 175
99 102
46 160
92 107
49 148
11 186
30 164
81 121
6 195
80 122
16 177
66 131
95 105
47 148
53 149
56 149
85 113
67 136
63 134
54 147
55 146
57 148
59 140
98 103
70 132
96 103
56 148
90 109
2 199
23 174
33 171
86 113
2 206
86 115
93 107
36 163
92 109
84 116
63 137
17 182
8 191
50 154
17 190
66 136
18 181
88 110
94 106
17 188
23 181
91 110
27 166
34 165
76 124
96 105
70 129
74 123
36 164
61 142
46 154
71 129
81 120
15 181
6 192
79 123
64 138
60 140
51 150
21 181
88 111
99 102
22 185
41 155
94 106
38 163
88 111
55 150
94 106
33 171
66 137
90 110
19 179
21 181
20 176
39 159
24 183
71 126
76 123
96 103
92 109
1 205
99 102
43 154
3 203
43 162
72 126
22 185
53 151
3 199
23 178
96 105
75 126
44 155
66 134
6 203
14 191
79 118
16 188
66 135
50 155
32 169
20 185
50 145
34 167
43 154
80 118
83 118
16 179
91 108
45 155
81 119
93 106
8 190
17 181
81 121
86 116
49 148
76 125
83 118
63 134
71 131
89 113
60 137
6 188
48 157
64 134
95 106
27 181
69 134
87 114
37 158
3 191
71 128
51 153
54 148
16 186
43 158
67 129
44 161
16 175
30 173
74 129
95 106
17 177
20 176
3 206
32 169
72 125
78 119
66 135
90 109
78 121
30 177
4 202
37 157
80 120
31 168
38 163
27 180
18 188
92 109
99 100
1 203
35 165
42 160
76 125
14 190
30 163
61 140
10 197
60 143
62 137
87 114
45 157
98 102
89 109
92 108
35 172
94 107
67 136
62 140
37 164
79 124
96 105
94 105
23 173
83 119
85 115
54 143
61 136
32 166
79 118
46 158
32 165
7 194
39 162
53 149
74 124
60 140
43 159
7 192
47 148
59 141
93 107
37 162
61 139
48 151
91 108
35 158
11 196
45 161
76 126
75 122
85 113
21 185
35 165
15 181
35 172
22 182
1 198
22 178
17 179
7 201
2 191
59 144
63 134
85 116
32 174
74 126
95 106
48 157
82 117
71 131
3 207
76 123
73 128
67 132
9 191
64 133
5 192
8 195
59 146
14 186
65 136
90 110
46 159
15 178
65 138
30 175
86 113
97 104
3 205
83 116
90 109
86 116
74 127
35 160
28 168
90 109
60 143
81 120
14 184
81 117
91 109
90 111
2 195
89 109
20 174
75 128
19 180
64 138
6 197
74 126
47 156
39 162
55 145
1 200
17 179
74 129
1 208
78 121
5 201
82 118
1 193
82 117
82 119
53 151
93 107
72 128
91 110
86 113
55 145
73 126
31 174
16 191
94 107
42 160
78 119
34 173
45 149
84 118
39 154
17 175
21 177
90 110
11 197
23 175
51 153
30 167
6 199
8 191
37 156
68 128
98 102
71 131
32 172
95 105
83 118
78 122
6 203
67 129
61 138
48 155
88 110
43 156
63 133
67 137
8 199
31 163
17 190
11 186
15 176
18 180
48 153
28 166
6 192
76 125
6 188
14 191
61 137
76 124
8 192
20 184
32 164
9 181
41 157
72 126
73 128
14 186
51 149
79 118
73 127
82 117
4 197
70 129
24 170
63 133
90 109
66 133
5 198
58 146
23 180
69 134
92 108
23 185
78 124
79 120
25 179
66 138
42 164
72 128
41 161
68 133
29 172
24 171
69 133
87 113
32 164
98 103
15 187
8 183
98 103
74 123
21 178
19 172
59 142
83 118
39 161
75 128
69 130
41 163
76 125
61 140
36 170
91 110
87 114
73 127
84 117
19 189
45 155
42 156
79 119
98 101
85 116
72 127
70 131
50 153
31 173
95 105
19 179
22 171
78 124
99 100
41 156
40 155
53 152
25 176
78 119
5 199
85 114
43 157
58 147
47 154
99 101
22 184
82 116
8 201
19 190
41 156
53 147
67 131
15 179
81 118
47 151
31 168
86 112
35 160
14 193
24 177
30 167
35 164
14 193
61 137
69 127
82 116
43 152
42 158
94 105
87 115
50 154
36 160
7 185
68 131
85 113
24 179
43 163
57 143
54 144
82 119
7 202
80 121
3 205
16 176
82 117
74 124
8 191
38 163
93 108
82 119
16 185
23 175
29 179
22 173
62 141
76 127
66 135
29 179
45 159
16 191
80 122
2 191
97 103
29 178
74 124
67 131
28 176
59 138
31 168
48 157
93 106
34 171
37 170
90 109
12 193
32 174
6 196
57 145
91 110
19 186
48 148
86 114
36 171
89 110
99 102
59 137
55 143
90 110
59 146
97 103
45 157
36 169
96 104
27 167
50 150
15 194
93 106
30 171
95 106
7 194
31 176
7 188
57 138
7 198
90 109
85 113
6 203
82 117
84 114
62 139
70 129
15 176
81 118
66 137
14 195
51 144
67 130
15 184
42 154
42 156
46 159
77 123
55 148
94 107
19 175
35 160
33 161
54 143
75 123
16 184
37 163
83 119
51 153
72 126
17 187
63 137
84 114
42 156
20 178
62 140
95 105
7 186
14 191
28 170
17 174
94 105
98 102
63 141
82 119
86 114
3 204
15 187
20 172
2 193
19 190
60 139
77 123
90 109
18 185
5 186
42 162
40 162
98 103
20 178
57 145
65 139
7 190
10 183
6 202
66 130
79 121
14 185
91 109
56 140
19 187
26 178
12 184
50 147
97 103
37 165
58 144
90 109
3 187
69 132
77 126
65 138
92 108
49 157
82 118
11 187
25 179
18 184
74 124
58 144
31 169
2 191
10 195
91 108
46 154
24 168
7 189
87 112
74 126
36 160
2 192
87 111
49 153
16 175
66 131
36 159
16 189
55 150
49 156
45 159
74 125
25 180
99 101
7 189
95 104
8 200
43 158
94 105
49 146
85 116
58 142
75 125
95 106
36 159
5 201
84 114
90 110
22 174
38 167
73 125
54 146
60 137
34 173
91 110
51 152
53 152
8 199
50 145
55 148
50 149
9 187
63 140
43 152
81 117
63 140
10 191
33 164
24 181
8 199
85 114
37 159
66 138
90 111
67 131
46 152
62 140
58 147
58 139
59 140
40 156
77 125
94 105
52 148
4 192
63 134
75 123
3 192
98 101
29 179
46 157
60 142
45 161
63 135
89 111
27 167
29 164
39 164
72 127
7 194
