800
200380
127 278
16 398
110 282
29 385
74 331
97 299
142 262
146 251
58 348
146 259
198 202
132 273
146 252
46 366
105 305
119 279
161 241
3 415
78 311
80 318
87 315
197 202
53 332
196 205
197 204
157 247
67 338
187 211
179 218
2 397
173 225
159 236
111 291
60 354
66 321
48 364
7 413
70 336
142 257
58 339
64 346
60 335
189 213
87 320
162 238
95 300
65 337
188 214
137 256
69 342
76 313
192 209
73 328
90 313
31 365
183 218
36 363
101 296
45 363
47 356
40 367
37 364
195 206
127 266
41 371
69 335
142 260
26 366
114 282
52 338
154 247
12 372
41 366
124 268
63 348
153 244
125 278
91 299
166 231
135 263
45 345
35 372
128 272
164 233
101 295
153 247
82 329
106 299
164 236
107 295
175 228
67 329
119 289
112 283
107 288
3 389
188 212
34 350
55 333
158 242
42 343
172 226
35 362
125 273
89 308
75 322
74 336
146 256
190 211
76 312
60 347
57 329
27 385
123 283
67 329
98 310
13 377
161 242
54 359
144 260
159 239
188 211
131 272
24 365
41 371
92 308
41 346
158 245
56 347
76 318
1 386
134 267
31 381
52 350
11 376
44 362
89 309
95 315
187 213
11 404
30 386
139 265
90 309
197 202
49 347
154 248
132 270
67 342
85 311
169 227
178 223
8 404
7 410
158 241
197 202
18 382
4 405
99 299
36 367
135 272
41 353
75 317
133 266
133 271
38 370
72 338
133 268
97 311
109 288
22 392
16 369
44 361
1 389
161 242
81 312
189 209
17 399
96 304
40 358
185 216
142 263
57 348
185 216
137 260
116 275
137 265
127 279
160 239
102 299
144 257
146 254
115 294
79 312
17 394
133 262
58 341
109 282
111 289
55 342
3 384
78 323
91 306
132 275
127 276
197 203
134 262
179 220
181 220
157 247
149 257
15 389
159 246
159 245
41 369
16 399
78 325
69 330
147 250
168 231
32 367
96 294
121 271
9 411
197 202
32 353
174 223
65 322
172 227
192 207
24 373
33 355
67 323
75 322
20 364
76 320
38 366
32 385
67 320
46 341
130 273
150 250
158 241
13 404
157 239
157 239
18 376
91 320
188 212
62 349
97 314
47 357
37 377
81 316
173 229
118 275
83 313
71 325
188 212
54 344
153 243
17 389
97 296
7 382
143 254
48 364
109 293
46 352
142 255
90 312
3 383
93 307
180 222
27 390
7 377
139 256
101 294
9 385
16 396
157 244
53 351
69 340
14 405
163 236
21 365
188 212
150 247
149 249
22 366
180 222
22 389
100 299
9 408
53 346
118 286
143 253
79 319
50 344
93 303
146 257
6 393
148 247
137 257
190 210
151 252
44 363
25 390
32 353
39 368
17 381
160 244
129 268
55 348
107 301
181 219
171 227
119 278
69 343
101 309
69 329
28 382
130 274
18 397
158 245
123 277
139 266
10 403
83 329
16 401
154 251
181 217
42 359
143 258
167 235
11 390
34 350
19 362
71 341
43 368
169 227
185 213
135 263
19 376
140 266
16 399
149 245
165 232
54 345
73 327
158 239
180 222
123 279
117 292
68 326
118 282
155 250
165 232
132 272
141 253
28 374
38 357
16 398
172 231
186 214
106 293
109 294
185 213
86 310
77 316
157 248
96 304
142 258
104 286
131 265
44 347
184 216
145 258
179 218
32 352
74 330
178 219
1 391
89 317
56 345
130 274
179 218
8 391
47 339
65 341
102 296
107 292
83 321
95 304
185 217
148 251
2 408
166 238
16 373
82 326
45 346
179 218
18 394
184 216
14 378
85 324
83 315
170 229
117 288
50 362
154 244
27 369
41 362
67 336
123 269
41 373
34 364
150 251
170 232
24 370
191 210
70 325
73 320
187 211
15 368
153 251
142 263
40 373
168 230
171 229
154 245
165 236
58 329
65 348
72 319
82 318
100 291
40 369
50 344
153 246
191 208
80 324
115 283
92 314
7 404
120 279
65 329
185 217
12 375
134 260
146 259
126 276
160 242
138 259
43 348
184 217
168 229
189 210
110 298
103 293
149 251
198 202
59 352
32 351
151 254
73 314
174 229
64 344
166 233
31 358
132 268
48 341
192 209
25 375
104 303
71 325
190 210
12 399
6 377
91 305
176 224
150 248
22 382
8 388
79 310
90 303
49 351
164 233
33 363
98 306
179 220
27 386
185 214
71 332
59 352
131 273
108 289
38 347
56 332
177 220
187 215
183 216
137 257
16 388
59 334
182 220
157 243
110 295
66 323
165 233
21 396
190 210
172 227
159 240
88 303
27 384
88 313
138 256
60 330
108 282
121 275
82 312
5 410
38 365
22 366
66 348
196 204
22 391
184 218
142 261
76 313
13 380
72 326
141 265
193 208
148 257
193 207
146 260
18 393
58 343
4 392
50 344
136 264
94 317
3 380
89 309
160 240
145 249
118 279
88 303
18 392
47 366
3 382
53 338
49 363
99 296
197 204
104 304
17 396
111 292
134 270
80 326
29 380
142 252
1 387
82 315
129 267
98 305
161 235
164 240
161 238
6 384
120 280
15 389
33 353
82 326
74 333
29 381
122 278
26 370
53 358
141 261
149 249
163 233
140 261
172 226
110 292
179 220
131 274
46 341
175 227
130 274
189 213
109 287
166 231
141 261
176 227
75 333
62 347
174 223
88 311
53 340
92 298
183 217
149 250
35 381
184 215
149 248
181 221
25 390
15 370
148 247
1 413
63 330
158 241
108 298
180 221
90 310
10 408
145 258
193 207
63 350
149 255
76 332
177 222
132 267
107 302
80 331
7 395
153 247
11 382
180 222
184 218
170 228
198 203
91 299
100 294
181 221
35 358
143 253
114 290
132 269
74 313
121 282
123 278
10 389
121 283
28 377
19 364
103 299
159 238
36 368
98 305
40 372
46 350
173 228
38 348
158 239
76 328
1 411
24 392
113 287
139 258
88 321
106 287
49 352
27 387
89 316
37 352
31 359
183 219
62 328
91 308
135 260
154 246
49 357
162 242
86 312
155 246
196 203
183 216
136 260
164 240
138 269
198 201
59 355
55 341
35 356
88 312
94 298
14 376
58 332
6 414
128 269
24 359
105 286
105 294
160 243
83 328
19 366
76 323
57 352
53 354
132 273
31 380
193 208
150 246
187 212
135 261
78 322
195 205
173 226
155 244
179 223
164 238
77 336
27 368
32 363
1 416
134 267
123 273
62 349
88 309
110 299
138 266
145 257
156 239
132 269
130 271
69 327
93 308
177 225
123 281
182 217
99 305
199 200
92 315
176 227
73 316
169 228
80 332
26 383
150 255
137 267
153 243
109 285
174 225
9 398
131 273
85 317
179 220
118 290
37 368
173 224
152 249
137 269
51 363
119 278
43 364
119 281
15 377
106 300
28 367
149 251
135 258
2 398
189 211
8 376
19 365
78 330
12 371
158 246
105 285
189 209
169 231
123 269
126 268
86 324
138 257
174 225
133 272
53 346
187 211
162 239
105 288
123 277
113 293
105 296
71 331
73 331
54 353
154 249
57 339
121 278
65 328
8 400
132 267
183 219
33 381
124 275
93 301
156 242
