100
182904
325 2769
739 2519
1118 2074
903 2300
1256 1962
942 2272
280 3034
771 2441
443 2837
850 2298
1010 2206
400 2851
1257 1966
315 2973
69 3107
564 2731
795 2340
1257 1941
561 2672
461 2663
780 2485
835 2314
648 2494
63 3001
668 2575
343 2751
1020 2182
1596 1604
1521 1677
183 3142
1383 1804
1350 1834
876 2330
1007 2172
741 2391
745 2430
54 3133
406 2728
1375 1806
1098 2140
1043 2135
1253 1978
717 2420
287 3024
629 2493
303 2872
940 2248
1401 1790
1159 2065
93 3203
824 2341
899 2370
709 2542
411 2807
1310 1881
1551 1646
837 2345
178 2936
739 2418
734 2518
1258 1926
635 2504
75 3144
80 3002
1425 1758
186 2940
1572 1627
461 2793
958 2300
1494 1695
1187 2031
488 2699
1448 1745
1362 1861
107 3220
944 2253
1094 2109
1083 2109
780 2434
1009 2238
1574 1623
629 2531
1211 1966
1340 1867
975 2242
126 3092
658 2447
205 3012
169 3031
1320 1866
1535 1667
399 2790
1391 1812
1313 1898
1518 1680
1149 2036
432 2730
105 3230
1110 2136
742 2533
