100
80055
263 1314
16 1566
298 1280
767 837
331 1292
456 1170
39 1495
496 1090
14 1602
785 813
434 1189
569 1016
382 1257
683 911
175 1485
108 1509
19 1652
531 1087
76 1557
28 1580
382 1258
372 1268
628 968
273 1373
636 950
755 841
123 1525
793 806
648 952
494 1105
476 1147
512 1091
631 985
2 1617
497 1081
243 1344
226 1346
650 959
244 1338
582 1021
674 938
786 812
760 836
569 1020
360 1234
594 991
499 1128
796 804
181 1453
44 1521
799 802
262 1299
160 1412
651 953
2 1671
538 1049
745 853
424 1186
460 1115
221 1329
365 1199
760 837
405 1211
664 933
687 923
648 960
468 1135
647 940
430 1166
665 933
272 1287
550 1044
140 1469
408 1219
323 1320
704 894
784 817
593 1018
438 1196
65 1569
403 1186
520 1080
512 1093
276 1346
340 1253
386 1245
42 1579
47 1538
86 1546
450 1154
670 920
378 1231
739 860
86 1558
40 1634
635 952
113 1458
403 1194
458 1112
617 977
