400
67676
38 350
128 276
2 387
167 230
48 367
52 353
98 301
59 340
183 215
116 279
97 304
107 283
179 224
152 246
85 326
138 257
172 228
102 290
9 372
125 283
50 340
198 203
97 304
172 229
103 303
28 386
68 340
28 368
181 221
185 214
182 216
100 301
104 291
18 366
6 375
12 384
172 230
176 222
173 229
115 287
136 269
125 271
48 361
9 403
33 355
121 272
109 291
121 279
135 261
126 269
156 241
16 395
123 284
51 335
16 387
96 309
31 364
127 266
185 216
137 269
138 267
57 328
128 277
167 233
21 363
148 251
128 271
59 337
94 308
147 249
110 285
196 205
139 254
162 242
39 349
22 370
28 386
62 334
72 325
118 284
19 375
97 297
191 208
24 379
179 223
28 357
179 219
97 304
129 275
92 302
8 388
15 404
154 248
90 300
147 257
152 243
151 254
136 267
186 216
59 347
160 241
198 202
83 305
196 204
11 405
180 221
61 344
40 356
35 355
167 234
18 389
108 300
138 268
128 275
160 241
69 320
82 327
198 201
154 242
134 267
49 356
13 370
97 293
60 348
194 207
94 310
180 221
142 254
9 375
88 315
51 345
84 307
167 231
125 282
191 209
164 239
118 284
1 408
47 363
115 282
34 360
15 403
128 277
130 268
5 415
81 318
141 253
184 218
158 244
45 367
88 312
70 326
170 227
55 341
197 203
112 279
125 274
46 353
184 218
101 300
162 237
127 269
187 213
114 286
100 304
185 213
94 297
32 384
167 231
52 340
118 289
69 330
53 349
27 368
98 304
93 317
160 239
112 279
155 247
166 235
138 258
145 249
95 306
157 243
130 264
2 390
161 240
27 385
165 235
32 375
139 259
62 330
79 330
115 285
96 300
81 319
12 391
93 318
15 377
84 323
72 318
147 253
55 348
143 263
113 286
105 292
96 293
163 234
18 401
77 310
40 374
7 412
83 309
180 218
52 363
92 315
21 370
79 313
163 234
13 381
100 309
52 337
132 270
44 342
108 290
34 372
118 291
190 210
178 222
183 217
181 220
153 252
5 389
193 207
70 325
142 259
90 310
3 416
31 386
176 226
20 383
29 354
29 353
85 314
43 367
138 257
53 347
16 382
141 262
47 338
152 247
34 364
68 328
116 287
1 381
7 413
59 354
107 293
179 220
18 399
135 268
47 344
91 319
72 330
172 225
52 346
1 402
108 289
176 226
90 316
76 327
57 346
196 204
62 340
10 386
81 326
153 242
92 315
96 305
140 261
128 268
64 332
72 318
45 346
68 345
163 234
104 300
143 261
178 220
42 357
74 339
178 225
136 270
22 384
31 379
13 394
186 214
15 369
194 206
174 224
126 280
98 293
145 261
125 279
111 288
130 269
83 315
80 319
48 362
77 317
114 287
171 228
112 296
23 386
133 263
3 402
178 219
33 380
44 369
162 237
34 381
180 219
6 414
86 303
23 377
70 332
102 304
181 218
173 224
167 236
153 245
69 342
94 303
183 215
58 340
160 244
59 339
28 379
84 304
45 370
71 341
71 319
71 325
15 375
7 373
43 358
144 255
194 206
142 253
53 347
53 334
36 377
185 215
58 331
165 235
114 293
8 378
142 256
158 241
141 255
91 319
42 361
58 327
111 289
4 408
84 322
141 264
25 362
148 252
63 338
29 383
69 320
23 375
98 305
152 252
118 289
148 249
6 414
14 367
166 237
146 259
15 399
115 278
199 202
112 280
183 215
123 273
71 330
21 377
4 394
18 401
140 262
20 363
150 254
68 328
189 209
53 347
168 236
30 383
93 296
