400
173253
268 535
253 557
287 505
174 613
212 578
29 757
319 484
69 739
270 524
185 625
189 630
45 758
22 794
274 534
38 774
244 571
151 661
67 701
354 443
356 444
7 797
122 665
398 402
365 438
367 433
385 415
105 667
170 614
62 743
226 591
47 776
292 501
398 402
197 617
222 580
341 464
163 647
241 567
147 659
171 608
205 597
342 461
320 483
108 695
98 676
367 436
227 575
234 566
366 438
258 537
365 436
57 724
330 470
118 688
234 549
248 560
397 403
158 662
246 557
24 792
262 544
268 521
63 722
287 507
364 439
323 484
159 616
73 749
277 512
40 769
289 513
326 472
178 637
253 539
216 568
224 587
189 610
348 456
140 642
153 648
242 562
13 779
315 494
238 548
273 533
264 524
90 720
254 540
286 515
35 786
103 676
341 460
325 481
372 428
326 471
183 632
195 599
227 566
180 614
175 636
370 431
246 538
39 798
60 765
242 554
157 663
88 713
281 526
63 760
397 403
30 784
253 538
129 697
279 522
168 636
106 679
41 758
398 403
394 406
125 664
265 533
220 564
346 455
53 755
198 617
355 446
100 701
370 432
115 662
290 516
385 414
79 693
146 664
282 524
266 527
96 721
52 750
295 494
41 768
325 474
223 566
288 518
363 435
119 664
201 601
19 796
338 460
248 547
176 628
174 617
342 458
85 740
324 474
253 544
13 759
72 716
64 722
267 522
220 570
66 756
247 542
175 635
353 449
252 553
196 589
212 592
229 565
241 545
140 684
141 680
76 738
291 500
123 676
337 461
197 607
39 764
57 719
359 437
164 651
263 534
310 485
255 554
227 556
156 622
196 596
309 486
363 437
234 580
345 453
192 614
335 458
282 522
148 662
113 714
154 657
394 405
114 672
192 598
297 509
282 508
118 674
131 643
92 727
113 708
341 462
272 521
119 699
390 411
338 457
153 651
17 793
347 453
147 633
380 418
338 458
56 712
143 673
172 614
197 609
142 651
286 521
6 813
39 793
308 499
270 543
215 597
13 793
132 672
109 664
381 419
282 524
33 753
85 685
92 738
12 783
202 593
378 419
279 524
168 638
61 743
135 685
213 575
134 653
318 475
243 560
138 661
117 680
52 734
152 645
262 528
38 744
197 609
65 729
291 518
254 543
254 549
317 479
189 596
366 432
294 504
332 475
238 576
124 674
129 653
80 752
183 636
84 693
277 535
395 406
337 456
99 670
232 567
348 447
9 768
179 623
323 476
138 684
195 602
271 530
7 753
316 493
59 763
196 617
67 758
132 679
84 705
353 450
176 642
320 488
63 757
24 804
136 649
123 668
352 451
276 511
22 757
88 690
270 521
45 767
101 695
71 744
51 760
109 693
131 665
37 747
80 745
331 462
55 726
149 635
263 538
220 583
196 590
7 822
54 736
277 520
336 464
282 510
5 794
237 559
39 732
392 408
95 683
262 544
38 792
314 480
312 497
253 550
183 604
191 602
326 476
45 764
345 461
73 756
84 726
219 591
127 655
238 564
354 445
354 446
69 734
357 446
110 700
133 682
82 729
54 759
36 781
327 477
21 755
301 495
317 479
246 552
85 698
122 678
121 700
186 630
146 634
201 614
369 434
11 796
95 710
226 576
357 439
315 493
41 785
220 576
137 662
296 504
316 478
394 407
45 765
363 440
238 551
263 550
350 455
12 762
165 652
153 649
81 713
394 406
365 438
380 418
325 467
151 659
32 756
157 649
255 539
69 730
395 405
228 576
223 591
156 621
238 561
132 691
329 474
170 642
360 443
6 770
45 754
230 568
75 724
